0.456695
0.350881
0.197223
0.389771
0.407205
0.385723
0.143067
0.239719
0.217132
0.423478
-0.486556
-0.729953
-0.268342
0.066083
0.029177
0.260765
0.349728
0.582480
0.346475
0.706265
0.658314
0.591771
0.841229
0.819483
0.974966
0.757865
0.876316
0.562225
0.550817
0.493959
0.408313
0.756757
0.493956
0.528104
0.650002
0.316032
0.660511
0.486798
0.401602
0.618534
0.660269
0.916627
0.769397
0.400344
-0.556101
0.351025
0.490747
0.577761
0.512733
0.470619
0.415347
0.280739
-0.026903
0.350519
0.148013
0.327432
0.387451
0.177154
0.849931
0.673227
0.741008
0.202048
0.096785
0.100870
0.415834
0.086268
0.130068
-0.242079
-0.618025
-0.236648
0.090460
-0.310916
0.090752
0.215190
0.565887
-0.118544
0.306939
0.543108
0.639655
0.535778
0.679662
0.647566
0.767831
0.561984
0.871410
0.849432
1.091894
0.879086
0.943420
0.950549
1.051123
0.949476
0.792247
0.945714
0.381474
0.222227
0.433406
0.664175
0.655828
0.633513
0.838602
0.776601
0.744299
0.619989
0.649876
0.921550
1.254131
1.202283
1.078270
1.021929
0.876428
0.851392
1.071073
-0.014702
-0.219144
-0.146765
-0.175055
-0.087317
0.037944
0.264145
0.236879
0.030334
-0.130585
0.328010
0.164714
0.232934
0.452808
0.550273
0.643796
0.383105
0.926953
1.180051
1.108446
0.994172
1.104693
1.197646
0.871064
0.636212
1.031391
0.824713
1.047864
-1.148224
-1.278592
0.218413
0.840503
-1.100129
0.625016
0.244887
0.664351
-1.925257
-2.180953
-1.357662
-1.181367
-1.878795
-1.515013
-1.883487
-1.824944
-1.591238
-1.593419
-1.621472
-2.143080
-2.012648
-0.891073
-0.319211
-0.235118
0.235854
0.606200
0.431835
0.737019
0.744383
1.058373
1.007234
0.318427
0.969555
1.103379
0.975701
1.049444
1.285339
0.542691
1.052766
0.691089
0.965669
1.042004
0.160362
0.625629
0.877877
0.856610
0.239618
0.615089
0.556312
0.627869
0.915671
0.858567
0.535685
0.655819
0.195385
0.071302
0.225161
-0.871060
-0.030034
-0.279693
0.167731
0.186284
-0.356286
-0.328658
-0.097353
-0.361415
-0.182710
-0.516085
-0.442789
-1.666874
-1.212560
-0.663173
0.064970
-0.304082
0.217581
0.178321
0.342155
0.509720
0.396424
0.565976
0.750453
-0.104915
-2.196639
-0.662054
0.629200
0.258868
0.822041
0.474440
0.193778
-0.140066
-1.400828
-2.226799
-1.518780
-1.138920
-0.754881
-0.775895
-0.170985
-0.098900
0.087698
0.226326
0.427084
-0.656640
-1.673339
-1.741690
-1.478115
-1.026814
-0.760566
-0.701785
-0.243864
0.124119
0.609015
0.089653
0.157730
-1.051125
-0.117105
0.100910
0.566444
-0.564375
0.125339
0.100667
0.243774
0.590709
0.153265
-0.010442
0.782555
0.912517
0.346734
0.383684
-0.321000
0.167354
-0.295651
0.039663
-0.060830
-0.215976
-0.701198
-0.046288
-0.689313
-1.073149
-1.134992
-0.551579
-1.110005
-0.934667
-1.193852
-0.749267
-1.104360
-0.770343
-0.080913
0.117105
-1.556971
-0.374804
-0.737883
-0.137765
0.467615
-0.065393
0.185062
0.121838
0.514483
0.644489
0.628831
0.260487
0.560822
-0.051342
-0.632703
-1.853028
-2.304143
-1.276135
-2.374328
-0.416239
-2.283437
-1.631686
-0.562734
-0.733767
-0.281757
0.181599
0.101267
0.542962
0.706635
0.404786
0.162409
0.292445
0.324458
0.602863
0.767250
0.866414
0.398553
-2.182080
-0.769537
0.075721
-2.259414
-0.486759
0.152973
0.014932
-0.037238
-0.098455
-0.259771
-0.039871
0.196615
0.370117
0.105329
0.205012
-0.017755
0.517675
0.616004
0.238661
0.446495
0.691297
0.136326
0.221934
0.084457
0.049425
-0.149793
0.016230
0.469910
-0.754343
-0.518541
0.016114
-0.584767
-0.334320
0.795778
0.990302
-0.566015
0.047782
0.607776
0.093856
0.726077
0.687842
0.378206
-0.010388
0.661548
1.405749
0.021307
0.408463
0.644870
0.633733
0.951911
0.630004
1.113369
0.774936
0.073797
-0.246614
0.283124
0.445825
0.660917
0.587926
0.259714
0.551297
0.819416
0.555183
0.707599
0.674773
0.210511
0.439216
0.387832
0.498168
-0.353269
0.373301
0.680257
0.752420
0.503475
0.025200
-0.781216
-0.314511
0.167287
0.406537
-0.255077
-0.090629
-0.236991
-0.340651
-2.001314
-1.354496
-0.590079
0.109205
0.160294
-0.339117
-0.604546
-0.595790
-0.251021
-0.438452
-2.021742
-0.693820
0.110589
-0.136553
-1.689885
-1.551981
-1.558536
-1.339610
-0.858953
-1.337276
-1.792270
-2.116978
-2.305858
-1.668819
-1.072919
-0.465353
-0.094319
-0.462389
-0.534447
-1.313474
-0.829640
-0.167462
-0.942921
-0.706754
-0.539337
-0.180994
0.243320
0.148587
-0.813544
-0.214923
0.260386
0.630719
0.624707
0.681576
0.589775
0.600931
0.619144
0.389562
0.459669
0.269257
0.102159
-0.907007
-2.303357
-1.388254
-1.464414
-1.984566
-0.847852
-0.213821
-0.962337
-0.698728
-0.789615
-0.815929
-2.487147
-1.708208
-0.734667
-0.155985
-0.481544
-1.963976
-1.748712
-1.666616
-1.897667
-1.541819
-1.150943
-1.472958
-1.998457
-1.332404
-0.066132
0.164923
-0.128779
-0.397537
0.167941
-0.571719
-0.302198
0.437727
0.360328
0.385947
0.630039
0.359810
0.538914
0.398309
0.338933
0.466122
-0.277000
-1.917938
-1.049057
-0.650104
-0.218167
-0.252026
-1.293559
-0.647435
0.338200
-0.379196
0.514336
0.703535
-0.411368
0.433865
0.772630
0.847237
1.237875
0.911218
1.012249
0.779694
0.936279
0.498293
-0.334545
-1.759404
-0.958946
0.309889
0.507583
-2.088147
-0.937053
-0.483908
0.003138
0.383641
0.207756
-2.149257
-2.257809
-0.514638
-1.869552
-1.299469
-1.695273
-2.116161
-0.955546
-0.556097
-1.264213
-0.126018
0.382821
0.325190
-0.160911
0.318015
0.196323
-1.415180
-0.491101
-0.267993
-0.339938
-0.770247
-1.705126
-2.051867
-1.869337
-1.506840
-0.830036
-0.138117
-0.373367
-1.619615
-1.283563
-0.267230
-0.023006
0.083599
0.206575
-0.419521
-1.039729
-0.876838
0.249216
0.401043
0.270786
0.332711
-0.375903
0.208570
0.042637
-0.034033
-0.214558
-0.335980
-1.358236
-1.167702
-1.656136
-1.947889
-1.256090
-0.873321
-1.715081
-1.711318
-1.139273
-1.366150
-1.620794
-1.300627
-1.621260
-1.395274
-0.251811
-1.065706
-0.589947
-0.480676
-1.183393
0.254964
-0.322233
0.208813
0.928007
0.912011
0.203308
-0.267263
-1.617128
-0.570364
-0.025291
0.212527
0.020456
-0.325922
-0.916088
-1.731802
-1.023539
-1.351868
-1.315479
-0.907724
-1.243841
-1.836173
-2.046401
-1.308330
-1.100589
-0.978310
-1.854152
-1.319175
-2.088316
-2.229692
-2.440426
-1.326379
-1.531853
-1.792381
-1.672342
-1.737315
-0.701528
-0.002392
0.115286
0.137792
0.138396
0.182598
0.123776
0.035857
0.260346
-0.998435
-2.723535
-0.976630
-0.921706
-1.255482
-0.912756
-0.861866
-0.614547
-0.704542
-1.304876
-1.533000
-1.981183
-2.148824
-1.866436
-1.643297
-1.040335
-0.607077
-0.076759
-0.156935
-0.051032
0.273681
-0.830683
-0.165630
-0.308133
0.140968
-0.096134
0.429747
-0.302165
0.340759
0.503317
-0.169667
0.175036
0.286456
0.507168
-0.512409
-0.208449
0.193446
0.370905
0.405166
0.376768
0.212969
-0.228654
-0.480402
-0.260204
-0.438642
-0.129303
0.341863
0.366950
-0.440629
-0.808776
-1.763799
-0.019724
-0.412650
0.214792
0.073881
0.181679
-0.751011
-0.990564
-0.944318
-0.286576
-0.462266
-0.128108
0.070976
0.406290
0.314268
0.187881
0.327508
0.106946
0.171098
-0.036733
0.189696
0.221792
0.354798
0.227620
-0.199695
0.111818
0.278824
0.119179
-0.130762
-0.122945
0.301453
-0.232439
-0.045391
0.201394
-0.003370
-1.414601
-0.447391
-0.350686
-0.201327
-0.096050
-0.135771
-0.224614
-0.092565
-0.106997
-0.629656
-0.773485
-0.399169
-1.576230
-0.312798
0.434041
0.251042
-0.251307
-0.831353
-1.612286
-0.754799
-0.106672
-0.050954
-0.281014
-0.017563
-0.575455
-2.692335
-1.985699
-0.741838
0.042771
-0.003236
0.241422
-0.032205
-0.162135
-0.185855
-0.037647
-0.021137
-0.063069
-0.716977
-1.642700
-0.452351
-0.500369
-0.043129
-0.150746
-0.356271
-0.118034
-0.334486
-2.321330
-2.362729
-1.973401
-0.403518
-0.258993
-0.504707
0.236729
0.293368
0.400479
0.082252
-0.721838
-0.817047
-0.215437
-1.104787
-2.002192
-1.686325
-1.793287
-1.243248
-1.367422
-1.944404
-1.363524
-1.447287
-2.054924
-1.270426
-0.430441
0.125065
0.047081
0.173975
0.081508
0.077505
-0.763194
-0.840000
-0.242964
-0.044021
-0.387697
-1.809261
-1.403736
-0.236541
0.151884
0.364559
0.353827
0.220525
0.467495
0.611746
0.813393
0.698246
0.321589
0.586713
0.678054
0.766868
-0.107019
0.278772
0.436044
0.441260
0.374705
0.253642
0.059052
0.471796
0.428601
0.029368
0.422893
-0.152455
0.189975
0.187494
-0.191281
0.262036
0.485571
0.492638
-0.009183
-0.424860
-0.115350
-0.694206
-1.683258
-1.695956
-1.172609
-1.381336
-1.709078
-2.237940
-1.069923
-0.269948
-0.391980
-0.069922
0.161343
0.048655
0.093464
-0.940425
-0.921828
-0.259447
-0.083066
-0.321693
-0.186445
-0.541015
0.009634
-0.023592
-0.731920
-1.887758
-1.132708
0.126161
-0.124383
0.102334
0.272846
0.514847
0.023913
-1.580593
-0.460179
-0.120391
-1.396192
-0.384924
0.006836
-0.378441
0.086461
-0.131324
-0.015272
0.113397
0.147854
0.066069
-0.188952
0.331650
-0.054285
-0.041026
-0.235257
-0.092113
0.043329
-1.543146
-2.230388
-2.196460
-1.209107
-1.300883
-0.205920
-0.556533
0.083737
-0.095438
-0.029253
-0.229367
-0.025724
-0.035582
0.001564
-1.144417
-0.459544
-0.510638
-1.492826
-2.357455
-1.160055
-0.461967
-0.827951
-0.645575
-2.132441
-1.987065
-1.736058
-0.489934
-0.696842
-0.194761
-0.789801
-0.651232
-0.281573
-0.117372
0.028068
0.216651
-1.568939
-0.473847
0.091891
0.001972
0.149820
-0.345084
-0.526512
-0.573836
-0.765804
-0.657695
-0.450966
-0.459109
-0.761043
-0.262369
-0.405388
0.128166
0.587064
0.742803
0.685906
0.483012
0.774616
0.441630
-0.039965
-0.033526
0.094707
-0.662967
0.052792
-0.137983
0.007295
0.436032
0.445912
-1.494546
-2.012217
-0.341139
-1.622405
-1.305282
-0.628605
-1.166337
-0.957482
-0.234726
-0.007452
-0.296950
-0.722188
-0.816263
-0.390892
-1.353599
-1.994603
-1.516391
-0.349899
0.151676
-0.132872
0.166138
0.158791
0.360037
0.199422
-0.596580
-1.312504
-0.236077
0.288577
0.152731
0.014923
-0.703871
-0.283526
-0.207593
0.075060
0.113850
-0.059301
0.311629
0.025522
-0.039738
-0.209588
-0.511016
-0.206007
-0.284530
0.137640
0.169125
0.340531
-0.059352
0.344296
0.738510
1.045581
0.761550
0.897494
1.130518
-0.324115
0.385200
0.371689
0.541656
0.177832
-0.058904
0.383121
0.052202
-0.334425
-0.339166
-0.187121
-1.966553
-1.634339
-0.187675
-0.286157
0.208271
0.419323
0.501749
-1.171167
-1.960938
-1.100723
-1.625095
-1.497388
-0.384207
0.122831
0.415953
0.305822
0.094485
-0.705940
-0.219815
0.125982
0.199140
0.133186
0.367114
0.580745
0.225938
-0.421374
0.058562
-1.037603
-0.217398
-0.078427
-0.145231
-0.633871
0.202603
0.236463
0.081401
-0.686732
-0.980143
0.357781
0.633723
-0.604425
-0.369615
0.022418
0.254976
0.542334
0.475568
-0.815555
-0.531262
-0.359378
-0.426253
-1.427263
-0.426938
-0.354469
0.108882
0.023708
-0.306487
-1.200022
-0.187685
0.395891
0.392702
0.445602
0.593309
0.744450
-0.452721
0.188778
-0.827005
0.040924
-0.570614
0.535448
0.400158
-0.626498
0.037838
0.183145
-0.084896
0.119761
-0.494104
0.504569
0.849109
-0.230881
-0.614767
-1.104510
-0.930183
-0.364777
-0.613077
0.021688
-0.048960
0.113228
-0.026258
-0.241513
-0.580260
0.127889
0.029456
-0.400538
0.250341
-0.249641
0.220046
-0.220235
0.545451
-0.466999
-0.600770
-0.122790
-0.147097
-0.180464
-0.375378
-0.512845
-0.152281
0.204534
0.037998
0.312775
0.397194
0.316299
0.473370
0.680278
0.882625
0.466936
0.641996
-0.519715
-0.016290
-0.527206
-0.392048
0.116810
0.375893
-0.095966
-0.450549
-1.321427
-0.380443
0.156342
0.048892
0.158088
0.272453
-0.093709
-0.265913
0.024053
0.199372
-0.287772
0.188480
0.220848
0.957772
0.971526
0.983523
0.849686
-0.257810
-0.486646
-0.459006
-0.244168
-0.373841
0.189989
0.376975
0.929756
1.021522
1.048787
0.977521
0.389095
0.868286
0.836504
0.613012
0.371883
0.360476
0.043858
0.250493
0.475238
-0.545943
-0.174158
0.098568
-0.676871
-0.288443
-0.379859
-0.117732
-0.687568
0.003963
0.003003
0.214218
0.231689
-0.294518
-0.109403
0.127480
-0.123866
-0.858718
-1.594072
-1.047199
-0.872112
-0.456022
-0.288310
-0.534917
-0.519440
-0.592260
-0.240455
0.168912
0.122406
0.205699
-0.173289
-0.247872
-0.304958
-0.419779
-0.306511
-0.542790
0.217107
0.368494
0.269625
0.524687
0.338749
0.124890
0.195097
0.357890
0.568027
0.666258
0.402404
0.324369
0.432826
0.257918
-0.404138
-0.441817
-0.149900
-0.547950
0.004133
-0.109122
-1.498696
-1.096487
-1.356557
-1.332135
-1.361666
-1.684801
-1.555323
-0.483815
-0.025289
0.002277
0.099720
0.005515
0.062440
0.294028
0.489140
0.317901
0.077591
0.027919
-0.105475
0.013204
-0.479157
-0.285683
0.045118
0.232208
-0.138800
-0.767232
-0.280752
-0.224447
0.184884
0.143071
0.192068
0.325959
0.249207
0.120081
0.307960
0.296708
-0.116737
-0.008046
0.082296
-0.764674
-0.098649
-0.479769
-0.115352
-0.775537
-0.455516
-0.495463
-0.913060
-0.760034
-1.133377
-1.854972
-1.251504
-1.604035
-1.565798
-1.662285
-1.853074
-1.814493
-1.680510
-1.987103
-1.216509
-0.752626
-0.281714
-1.415418
-0.506803
-1.283613
-1.337643
-0.870992
-1.997407
-1.225375
-0.753210
-0.160838
-0.486644
-1.076743
-0.822754
-1.529141
-1.643875
-1.171082
-0.876109
-0.838018
-0.593790
-0.236702
-0.291818
-0.360792
0.159337
0.321994
0.263340
0.020198
-0.035659
-0.218050
-0.247984
-0.145922
-0.187824
-1.702106
-1.810093
-0.830848
-0.421804
-0.707938
-0.580635
0.162247
0.131207
0.186356
0.290547
0.274355
-0.882970
-1.612326
-0.476993
-0.045752
-0.969909
-0.791366
-1.044305
-1.708478
-1.832558
-1.113667
-0.859358
-1.065725
-0.740372
-0.610796
-0.043078
0.070773
-0.701907
-0.709234
-1.136883
-0.831740
-0.858209
0.064341
-0.240896
-0.621127
0.092107
-0.978848
-0.128168
0.365634
-1.210736
-0.858405
-0.740777
-0.201545
-0.798726
-1.693778
-0.853324
-0.766179
-0.847373
-0.907723
-0.568552
-1.574324
-1.663571
-1.942795
-0.500317
-0.131757
0.206265
0.624845
-0.180405
-1.264421
-2.474914
-1.939424
-2.304372
-1.802477
-1.428266
-1.344846
-1.220779
-0.859894
-1.391999
-1.040290
-1.691262
-1.290588
-0.188714
0.190186
-0.008341
-0.361913
0.048326
-1.102717
-0.259393
-0.308315
-0.822948
-1.156211
-1.472769
-2.238361
-2.143793
-2.002634
-2.028280
-1.664430
-1.171121
-0.869512
-0.911087
-1.076122
-0.671746
-0.047855
-0.189310
-1.094598
-1.523740
-1.949124
-1.979961
-1.304135
-1.501388
-1.786536
-1.722196
-1.886375
-2.165994
-1.886764
-1.796507
-1.590417
-1.827410
-2.188850
-1.928054
-1.310977
-0.965709
-0.937675
-1.135730
-1.622922
-0.531415
-0.462112
-0.080087
-0.288893
-0.130428
0.004615
0.322671
-0.207864
0.014777
0.442778
0.377725
0.833866
1.139266
1.098025
0.475770
0.530179
-0.710713
0.078066
-0.793628
0.197714
-0.265202
-0.069922
0.025380
0.374512
0.314080
0.008459
-0.219061
-0.999523
-0.221737
0.320254
-0.007674
0.225866
-0.071060
0.166380
0.509523
0.361540
0.388250
0.565969
0.476596
0.524241
0.349626
0.542436
0.565004
0.471184
-0.768048
-1.555009
-1.690021
-1.011471
-1.275914
-0.739916
-0.020683
0.091032
0.229668
0.481786
0.102124
0.802931
0.799524
0.398881
0.908720
0.411182
0.478484
0.473910
1.034351
0.724725
0.308283
0.513362
-0.724802
0.073132
0.261320
0.525719
0.344114
0.291471
0.257917
0.198633
0.048951
0.114958
0.113190
0.549075
0.705678
-0.372938
0.431117
-1.512542
-0.622017
0.290415
0.483227
0.652346
0.711282
0.580950
-0.286261
0.123908
0.890871
1.094567
0.750215
-0.262970
-0.973746
-2.198367
-2.401503
-0.708874
0.350000
0.542589
-1.233348
-2.235980
-1.713855
-0.930120
-0.795854
-0.466150
-0.497245
-0.758109
-0.454254
0.396086
0.126002
0.443637
0.048339
0.079151
0.368713
0.324289
0.543020
0.687282
0.688647
0.816023
0.941663
1.087440
1.096525
-0.466387
0.013574
-0.002505
-1.614031
-1.935586
-2.390347
-2.357432
-0.986193
0.163774
0.492089
0.581244
0.633627
0.560548
0.494199
0.652785
0.415702
0.638931
0.466371
-0.059866
-0.681649
-1.529842
-1.838254
-1.987925
-1.797519
-1.288793
-1.018193
-1.053842
-1.852589
-0.965897
0.174326
0.342327
0.649271
0.380346
0.163790
-0.015056
0.003544
-0.212377
0.203281
0.555876
0.639165
0.567270
0.064511
-0.490696
0.561539
0.787301
0.968390
1.166833
1.314805
1.331652
1.291754
1.298919
1.460408
1.421471
1.467455
1.451034
1.701691
1.437838
1.470502
1.532189
1.710333
1.415106
1.479303
1.505836
1.795856
1.210495
1.630804
1.470330
1.447796
1.423111
1.418229
1.452636
1.560100
1.558238
1.379442
1.638756
1.265147
0.916372
-0.616391
-1.867299
-2.053348
-1.661655
-2.196497
0.055047
0.524033
0.494045
0.124169
0.499563
0.506578
0.512621
0.556218
0.041964
0.143486
-0.151238
0.075211
0.277524
-0.376160
-0.686184
-0.059787
0.590189
0.697440
0.447394
0.547125
0.525297
0.768412
1.006350
1.087649
1.264739
0.450780
0.862589
1.389513
1.270063
0.985224
0.791095
0.703907
1.000459
0.876994
1.042341
1.073442
1.217763
1.214695
1.252965
1.137231
0.469917
0.767835
0.965078
-1.775882
-1.346722
-1.492108
-0.296393
-1.181054
0.251579
0.443245
0.324237
0.886306
0.776340
0.999304
1.373562
1.351693
0.795953
0.591219
0.515297
-1.097475
-1.735255
-1.889935
-1.754769
0.028081
-1.989328
-1.702808
-0.749311
-0.711417
-1.711538
-1.892327
-1.550006
-1.197742
-0.514191
-0.005731
0.071428
-0.153687
-0.605304
-0.640920
-0.063539
0.386287
0.646373
0.780149
0.876168
0.905738
0.925374
1.059587
0.328346
0.494244
-0.317413
0.443616
0.458333
0.287934
0.528675
0.774837
0.775910
0.289154
1.031550
0.756371
0.858058
0.157788
0.267428
0.287380
0.251381
0.116279
-1.306066
-1.205217
-2.030687
-1.906607
-1.145812
-0.731049
-0.753778
-1.978611
-0.829434
-1.391470
-2.154337
-0.730924
-0.111368
-0.422610
-0.276762
-0.821491
-0.830562
0.108865
-1.127674
-1.467052
-1.856318
-1.519340
-1.718114
-0.603647
-2.299769
-0.936548
-1.919964
-1.688293
-0.090624
1.015595
1.007697
1.167929
1.082656
0.579343
-0.519047
-1.431407
-0.580491
0.350191
0.644688
0.833537
-1.729824
-0.346141
0.470492
0.449016
0.886534
0.981236
0.948137
1.281140
0.889518
1.251578
0.981855
0.851694
0.772979
0.931811
-0.466336
-0.351647
0.430799
1.092478
0.137713
-0.653799
-2.266543
-0.778150
-0.103962
-0.677400
0.674076
0.902481
0.376775
-0.408886
-0.474851
-0.363318
-0.872813
0.092923
0.458350
0.624179
0.221182
0.452103
0.560100
0.546048
0.282614
-1.046992
-0.363214
-1.768813
-2.142857
-2.325737
-0.712856
-2.270348
-0.293648
0.411770
0.880098
0.756494
0.341597
0.648843
-0.234342
0.597803
0.630420
0.204265
-1.260100
-0.436178
0.104724
-0.065240
-2.337192
-0.478125
-1.773596
-0.340161
0.503044
1.208148
1.173012
0.664801
-1.452013
-0.565546
0.598841
-0.037209
-2.094404
-0.339043
-0.613249
-1.514738
0.141310
0.253506
-1.954828
-1.737253
-2.270085
-1.706306
-0.782206
-0.909253
-0.584796
-0.460420
-0.404445
-0.446094
-0.334630
-0.287584
-0.523632
0.201272
0.100978
0.320907
0.380484
0.143978
-0.426715
0.155718
-0.501235
-1.455838
-0.166762
-0.344527
-0.539048
-0.257532
-0.806502
-0.571616
0.062301
0.659672
0.855983
0.792497
0.785310
0.912554
0.153320
-0.114575
-0.074002
-0.541340
-0.318474
0.196725
0.342986
0.020218
-0.524287
-0.277723
-1.333188
-2.311553
-2.154649
-2.283007
-2.088669
