0.39423463
0.35933462
-0.017009854
0.1497488
0.45035064
0.34866506
-0.19252157
0.21162012
0.009483755
0.29866374
-0.8055948
-0.77831626
-0.32898247
0.03087154
-0.30358922
0.011614829
0.13752413
0.24530068
0.14221328
0.4755519
0.46580717
0.46255508
0.63330853
0.71041423
0.77154887
0.70980775
0.92735314
0.5294278
0.48209828
0.3615541
0.22352657
0.5701964
0.4630523
0.5131006
0.35663706
0.16640374
0.4703757
0.355505
0.31673875
0.49282473
0.54648244
0.81947184
0.5567044
0.24622226
0.39766556
0.09399083
0.3984265
0.44523156
0.4354614
0.3628371
0.166352
0.2018643
-0.151093
0.3389693
0.07490921
0.34635565
0.18016678
-0.07108903
0.6914964
0.6597747
0.5478657
0.09030819
-0.029144406
-0.072493136
0.24567303
-0.098665535
-0.037186623
-0.47052324
-0.7936276
-0.32103115
-0.14889848
-0.5205773
-0.09433043
-0.101785064
0.3133909
-0.2878464
0.028585374
0.32065105
0.63650465
0.357123
0.44706035
0.6241345
0.6253066
0.30000708
0.7411841
0.94013953
1.042109
0.9307002
0.8968313
1.0421715
1.079062
0.9173933
0.73048186
0.793586
0.20315287
0.21873534
0.41404712
0.5187327
0.5034755
0.41658318
0.6854774
0.59135157
0.7805245
0.47549912
0.66948706
0.90385175
1.0893741
1.0809366
1.0508196
0.91684514
0.78315496
0.7076646
1.0013574
-0.18347323
-0.4367597
-0.25071204
-0.40331137
-0.32253826
-0.06793475
0.28867233
0.28617126
-0.020712614
-0.26523542
0.24145949
0.13440761
0.14749989
0.46128708
0.63180536
0.8266907
0.42264104
0.99937856
1.2078135
1.2165191
1.2133322
1.04294
1.3164275
0.9153955
0.7364581
1.2652556
0.83487046
0.9679493
-1.1571618
-1.1700349
0.36879215
0.8663057
-1.0526998
0.7529086
0.40977076
0.7929648
-2.3574739
-2.7934134
-1.495104
-1.1980824
-2.0298262
-1.7786436
-2.6734738
-2.178902
-1.8766658
-1.7910018
-2.191148
-2.7060924
-1.9811277
-0.66826856
-0.2039842
-0.019674659
0.30855775
0.70609903
0.48166513
0.78630155
0.80518526
0.9615456
0.9485551
0.47850636
1.1734524
1.2166414
1.0157821
1.1691995
1.4468215
0.6701455
1.0688771
0.7232222
1.08553
1.1688368
0.015352696
0.73381484
0.820284
1.020973
0.22378644
0.7257588
0.5721787
0.71541953
0.95266676
0.8378575
0.5296837
0.64283115
0.2370243
0.07926139
0.3034225
-0.70896137
0.2280052
-0.2273795
0.11368024
0.3159343
-0.4139068
-0.3299297
-0.12953907
-0.4414584
-0.1904571
-0.41939324
-0.9040549
-2.474407
-1.0059488
-0.3508647
0.18777758
-0.08908689
0.14507079
0.27020755
0.32139638
0.41428742
0.4099099
0.6378226
0.87545824
-0.109018505
-2.5293303
-0.58781123
0.5644516
0.2756018
0.88128954
0.5828821
0.2299743
0.008526802
-1.1762118
-2.2162488
-1.6033485
-0.8868638
-0.88184404
-0.57521844
-0.07777399
-0.10510516
-0.10155672
0.15685815
0.36683273
-0.6335081
-1.848594
-2.1207669
-1.3222967
-0.9893458
-0.5740459
-0.7116207
-0.16659737
0.3652818
0.691502
0.26942354
0.3640866
-0.88051426
-0.06486869
0.47078437
0.59968895
-0.22357726
0.2317268
0.14656153
0.36706
0.67762583
0.29568166
-0.088779986
1.0454626
1.0346848
0.4564721
0.4904631
-0.056090057
0.58060795
0.0014916658
0.17753914
0.14026868
-0.1488294
-0.56231713
0.027197957
-0.5184798
-0.73417234
-0.86379933
-0.40928566
-0.8617344
-0.72557914
-0.82884324
-0.66188467
-0.9876319
-0.5047219
-0.018093228
0.15616375
-1.2311836
-0.3177272
-0.54330194
0.21140563
0.6670524
0.23212215
0.48061353
0.519905
0.80185103
0.8451035
0.9430058
0.40277576
0.77379143
0.062367827
-0.7252065
-1.5687318
-2.303544
-1.1586715
-2.5441954
-0.4374119
-2.7678478
-1.5122359
-0.38947374
-0.5145956
-0.22343999
0.21036097
0.16024381
0.27437449
0.557956
0.44974735
0.34296995
0.12969509
0.26285124
0.5280247
0.7720975
1.0940926
0.19141847
-2.142917
-0.23863322
0.29025194
-2.4581962
-0.08070421
0.1605637
0.24419093
0.15362787
-0.00044709444
-0.28112864
0.05919534
0.40395087
0.51638925
0.3283344
0.31025285
0.27033362
0.76110554
0.9461347
0.43173194
0.85777384
0.9527806
0.46340317
0.6152737
0.366466
0.19631377
-0.09909427
0.25028187
0.53083843
-0.61139476
-0.34237307
-0.017648816
-0.43148947
-0.20347893
0.89435333
0.9939892
-0.43705112
0.17671585
0.6355229
0.34210643
0.8769064
0.7496004
0.42667684
0.17803493
0.7193632
1.5261511
0.23932344
0.6365837
0.81434
0.8491405
1.0350152
0.7387395
1.0366923
0.8178922
0.23872545
-0.17513305
0.42835918
0.6759515
0.755818
0.7272041
0.3799177
0.70931304
1.1765924
0.79037493
0.91079175
1.0042074
0.49482638
0.5328595
0.559742
0.6745144
-0.16732186
0.3322761
0.8011575
0.8425351
0.53505486
0.17372999
-0.52715373
-0.04753965
0.41945368
0.65029246
-0.11162341
0.120586455
0.02710557
-0.274561
-2.009692
-1.4643234
-0.53613234
0.024236828
0.32136774
-0.17156589
-0.57649136
-0.47569835
-0.08282584
-0.32271296
-2.1820827
-0.40004718
0.25665534
0.16319382
-1.3897635
-1.2654337
-1.3951952
-0.919327
-0.5845804
-1.0012934
-1.609554
-2.321314
-2.4753203
-1.9208217
-0.830678
-0.37855685
-0.10705811
-0.3147061
-0.38310456
-1.0811603
-0.7786118
-0.13506842
-0.679518
-0.55653226
-0.27234995
0.023526043
0.49054435
0.14235777
-0.68644214
0.08705777
0.5106072
0.72538996
0.96160316
0.93828094
0.7830279
0.90640724
1.0200977
0.35137194
0.7075955
0.35899967
0.21999127
-1.439152
-2.2393477
-1.0706325
-1.2023479
-1.9554725
-0.8814683
-0.14968091
-0.8655782
-0.5811124
-0.59007156
-0.51358294
-2.339922
-1.4516028
-0.66192436
-0.09907639
-0.23918217
-1.7197039
-1.3319395
-1.3461411
-2.0030046
-1.9623387
-1.493628
-2.1480339
-2.6241355
-1.1621076
0.01982519
0.36125812
0.04242018
-0.26498538
0.29975387
-0.26669973
-0.059253633
0.5738022
0.47244403
0.30603486
0.6435404
0.2685107
0.53426313
0.5693277
0.46965083
0.6279366
0.08261904
-1.8061767
-0.7653806
-0.51224756
-0.089339316
-0.19252378
-1.1444614
-0.66671467
0.19726115
-0.26431525
0.5962176
0.68259233
-0.33909345
0.6255214
0.76854813
1.0206994
1.0826972
1.1587768
0.9241477
0.835564
0.9116225
0.5107686
-0.45583338
-1.8290691
-0.85644937
0.29526943
0.7136974
-2.1005683
-0.5303427
-0.34909403
0.12321484
0.3331236
0.415451
-1.9253266
-2.186761
-0.49140978
-1.85953
-1.3224403
-2.0738006
-2.6162112
-0.8337194
-0.5050918
-0.95202196
-0.022319198
0.39096096
0.5613014
-0.016105533
0.3106377
0.5379604
-1.6869688
-0.2865551
-0.05765289
-0.14653718
-0.76055694
-2.321991
-2.7333941
-2.1297603
-1.2819717
-0.7823484
-0.07575905
-0.38625288
-2.2884843
-1.2764739
-0.21350151
0.08824575
0.18963006
0.41779074
-0.12257892
-1.085482
-0.70297456
0.21457112
0.6355716
0.26760387
0.4675415
-0.15146804
0.27352393
0.048003495
-0.033491373
-0.17507523
-0.51295316
-1.7367475
-2.0020475
-2.6874573
-2.3161728
-1.1629583
-0.8336612
-1.7494876
-2.0545673
-1.1148239
-2.0909708
-2.150733
-1.8848131
-2.1770067
-1.6987395
-0.13072026
-1.0689422
-0.16870975
-0.09698385
-0.8018795
0.33003926
0.0026016831
0.6841479
0.999738
1.0121056
0.543084
-0.10260028
-1.3794637
-0.4111067
0.13622907
0.31704843
0.2079559
-0.27844805
-1.2110605
-2.4174328
-1.0431546
-1.1114575
-1.2039928
-0.8874334
-1.5887866
-2.275931
-2.7980475
-1.5735321
-1.1077482
-0.9299052
-2.0234852
-1.2487653
-2.3654878
-1.9221542
-2.2271924
-1.1140934
-1.0910854
-1.6165314
-1.6243405
-1.971767
-0.7437625
-0.06041521
0.4528903
0.5079526
0.46667147
0.38005233
0.5672366
0.30671978
0.5020236
-0.5803391
-2.7804618
-1.631221
-0.5775565
-1.1724722
-0.6991135
-0.7545643
-0.2525007
-0.6490364
-0.974558
-1.0691935
-1.9105773
-2.5555637
-2.4346538
-1.9610498
-0.8070966
-0.49892342
0.10229254
-0.008152962
0.09949204
0.29409957
-0.4229318
0.07879493
-0.07400459
0.4675472
0.29926854
0.7682223
0.15561426
0.5728409
0.65365136
-0.047912538
0.3510702
0.43136358
0.5395468
-0.40492183
-0.106727004
0.34232968
0.47472778
0.4808884
0.51319116
0.27877325
-0.17340082
-0.42415315
-0.42728633
-0.32902616
-0.25118393
0.5111328
0.44114122
-0.1734541
-0.5749334
-2.0143137
-0.07247126
-0.47417665
0.16777122
0.17826125
0.1642712
-0.5931004
-0.6462362
-0.8090811
-0.318165
-0.6208204
-0.19230807
0.032862395
0.32414463
0.44827205
0.320127
0.36934343
0.23731217
0.24949002
0.013464391
0.2775764
0.3350345
0.42621318
0.23692745
-0.225488
0.40410867
0.4233116
0.34852284
0.33125812
0.0832926
0.46244788
-0.11650789
0.041991353
0.2989631
0.24655011
-1.0095681
-0.38498914
-0.39998072
-0.108824015
-0.0678339
0.03763941
-0.007964075
0.010158181
-0.11171508
-0.5572425
-0.7754158
-0.38511705
-1.3166311
-0.26058406
0.5380298
0.4814761
-0.25077283
-0.6682483
-1.2013869
-0.63329077
-0.16353363
0.079037875
-0.13590097
0.2693489
-0.35013753
-2.600831
-1.8181672
-0.7567594
-0.018330216
0.0129618645
0.40272915
0.03194648
-0.16746908
-0.14573324
0.071267694
0.26834163
0.26344448
-0.58858335
-1.2311531
-0.32884902
-0.34005946
0.15593162
0.051139772
-0.24594891
-0.013880312
-0.10719949
-2.341279
-2.1114519
-1.783627
-0.09218627
0.062098414
-0.17074448
0.37285727
0.5470684
0.6118341
0.15870956
-0.48810172
-0.6041299
-0.21317142
-0.95859957
-2.4619222
-1.3775334
-1.260693
-1.0560708
-1.6325512
-2.4702652
-1.7886205
-2.135927
-2.569651
-1.259848
-0.31946838
0.1385335
0.16360292
0.5150697
0.44318357
0.21140385
-0.8346467
-0.7750057
-0.09216869
0.010023296
-0.4194801
-1.9738169
-1.3362204
-0.27625835
0.25770485
0.56044996
0.54737914
0.45542315
0.6804675
0.8733418
0.99831384
0.8222171
0.48816174
0.7410108
0.81636965
0.87122273
0.05000457
0.4319226
0.6056097
0.6143695
0.56724197
0.50742996
0.3000053
0.6530907
0.5990123
0.28586915
0.6096014
-0.007003486
0.36090767
0.36342436
0.09919083
0.49940175
0.78548074
0.7185888
0.23060659
-0.29240108
0.025164247
-0.60008323
-2.3181124
-2.5990405
-1.2681447
-1.4089456
-2.3286793
-2.6002002
-1.0759925
-0.20741278
-0.25986713
0.12859517
0.37807485
0.3781821
0.3442014
-0.9039246
-0.81933856
-0.22298205
-0.09768742
-0.31562912
-0.18503064
-0.5892992
0.05691734
0.14283475
-0.76925397
-1.9074457
-0.8510994
0.34335122
0.19825786
0.2684698
0.6049092
0.92238283
0.35958374
-1.6276948
-0.5886371
-0.22561818
-1.3945509
-0.16229326
0.1326141
-0.029996157
0.37560874
0.304022
0.22520444
0.5354557
0.4583415
0.43571946
0.11104736
0.5161303
0.17065063
0.29413038
-0.048009396
0.30733556
0.33747727
-1.4735824
-2.643054
-2.4593143
-0.92819774
-1.4367832
-0.3012027
-0.19663805
0.3299153
0.24167135
0.30327588
0.051656604
0.15017042
0.18733501
0.16274601
-0.937888
-0.211626
-0.51455045
-1.3987923
-2.5147085
-1.0028278
-0.25703233
-0.5237061
-0.46034962
-2.0499742
-2.1742907
-1.3551977
-0.47319204
-0.50350034
-0.06798333
-0.47939163
-0.3860227
-0.24574667
0.0472683
0.12561885
0.16697523
-1.2827884
-0.368698
0.21590492
0.13987109
0.37023368
-0.13056606
-0.30391306
-0.4052173
-0.7277497
-0.37833565
-0.3069837
-0.38602978
-0.6370071
0.033531666
-0.055491984
0.53567517
0.9049723
0.84389794
1.0942653
0.7524141
0.9354142
0.7595573
0.36668816
0.35436746
0.39284328
-0.38516408
0.40143874
0.21361867
0.27441394
0.61996853
0.5530163
-1.4530787
-1.8293023
-0.039321363
-1.403057
-1.4640487
-0.6208538
-1.1472102
-0.9937376
-0.2695465
-0.2219764
-0.36604476
-0.5385413
-0.8708935
-0.44476402
-1.5969832
-2.4409688
-1.6663792
-0.34884357
0.33871603
0.102965355
0.2710451
0.27284628
0.424956
0.37117413
-0.20290357
-1.0313228
-0.18559009
0.42076936
0.41766447
0.20804262
-0.843457
-0.2999953
-0.26310295
0.25147307
0.44798702
0.15263742
0.29993966
0.22463971
0.2727629
0.084961385
-0.36970764
-0.41692328
-0.5131812
-0.056438565
0.14103213
0.48370788
0.060660392
0.39416128
0.80723083
1.0261934
0.7785765
1.039443
1.0807047
-0.35611653
0.677189
0.5296149
0.71939164
0.31085303
0.23029917
0.5954294
0.14259079
-0.17924082
-0.29236984
-0.09367299
-2.5409038
-1.5782058
-0.26816374
-0.2447232
0.21534416
0.36774024
0.51144767
-1.0845904
-2.1513534
-0.9762486
-1.6053607
-1.7558455
-0.47762436
0.27065688
0.58435696
0.4294393
0.38212615
-0.5267346
-0.024525106
0.38310724
0.33913666
0.24523103
0.675604
0.81283396
0.43960834
-0.11152506
0.16867667
-1.0172997
0.022332013
0.27427143
-0.06436223
-0.57458234
0.55725396
0.47678673
0.2581442
-0.633309
-0.84681225
0.62552
0.9788296
-0.28319222
-0.38539815
0.29310882
0.6257051
0.70106757
0.60057056
-0.6125339
-0.19162029
-0.22209913
-0.27546418
-1.562388
-0.14401782
-0.27230263
0.28966329
0.13819939
-0.60605526
-1.0575012
-0.1778732
0.59381247
0.5202572
0.50027853
0.93092906
1.2555497
-0.40239024
0.45287448
-0.45065373
0.36045355
-0.24475652
0.85049486
0.484056
-0.39710253
0.28018162
0.26339132
0.09525496
0.29915094
-0.36927277
0.8635337
1.2216219
-0.047469616
-0.5327649
-0.8435472
-0.8123963
-0.61016786
-0.5331335
0.14144808
-0.05610901
0.26750764
0.1478127
0.032352418
-0.4047153
0.33012098
0.093614876
-0.26340747
0.27588773
-0.0561558
0.6041523
0.006855309
0.6072721
-0.3627901
-0.48395884
0.027412802
0.04535979
0.15813276
-0.27593178
-0.4045971
0.02039966
0.31618804
0.29268163
0.6725159
0.66118133
0.4438905
0.7588789
0.76891506
1.1964599
0.5725583
0.82209927
-0.99528897
0.023942232
-0.47685903
-0.2189027
0.29479736
0.6059624
-0.040296733
-0.8010498
-1.5515015
-0.7310697
0.06011653
-0.058880508
0.16892898
0.3060232
-0.038541317
-0.052043736
0.08968267
0.14971122
-0.060602248
0.47067183
0.42866832
1.1387808
1.150635
1.0941494
1.0007589
-0.2011202
-0.40171182
-0.20081443
-0.091423154
-0.08488369
0.38575327
0.6410794
1.0734029
1.1884835
1.1483548
1.138022
0.62101644
1.0196007
1.0016512
0.8358922
0.46591103
0.49688843
0.26658565
0.39924648
0.6367133
-0.5405866
-0.14050025
0.18403271
-0.39778537
-0.25195092
-0.58584154
-0.16993845
-0.7119864
-0.17907125
0.04218349
0.21226376
0.11602992
-0.29734242
-0.025005221
0.14959109
-0.41513515
-1.170895
-1.8552096
-1.0168647
-0.75112736
-0.21963257
-0.10975367
-0.34509712
-0.5185996
-0.45100868
-0.28311217
0.04237297
0.11186099
0.32881743
-0.076945186
0.022824377
-0.2218417
-0.34460235
-0.3749749
-0.5362333
0.35021853
0.47738814
0.41619194
0.50114244
0.48106754
0.17008847
0.44347352
0.44010305
0.7198126
0.8767445
0.57692754
0.67960584
0.6948385
0.38598904
-0.31737
-0.16139513
0.0851793
-0.26182395
-0.05360478
0.039173454
-1.5359533
-1.1971099
-1.9505794
-2.0465708
-1.9986846
-2.492209
-1.8878598
-0.49671996
0.15493065
0.23639321
0.50254345
0.35197997
0.40394643
0.58182126
0.6586883
0.40911207
0.48289606
0.23813671
0.09863633
0.4275319
-0.25705594
0.023759604
0.39560682
0.29350924
0.20017433
-0.5182028
-0.20326418
-0.2007541
0.3330592
0.33151728
0.48519468
0.6515268
0.45327413
0.4417521
0.6131855
0.5122639
0.15706119
0.035954475
0.17837396
-0.24108386
0.2975048
0.05735427
0.22738543
-0.63320863
-0.48016798
-0.43572825
-0.62216175
-0.31756264
-1.349662
-2.0703454
-1.4415116
-1.9746659
-1.5108325
-1.4363061
-2.411846
-2.3279371
-2.3215127
-2.7361078
-1.8781538
-0.8572092
-0.050509572
-1.5100834
-0.46262282
-1.6140032
-1.8509464
-0.69080067
-2.325195
-1.5721958
-0.9565643
0.046053648
-0.37747848
-0.85754323
-0.63397
-1.2976917
-1.3152303
-1.0533333
-0.7366165
-0.8991636
-0.3243069
0.032854885
-0.10374498
-0.23635888
0.12740856
0.6472009
0.65743643
0.2703039
0.24720019
0.05949202
-0.123832524
0.3107576
0.20530239
-1.9598529
-2.1111455
-0.9789616
-0.22696179
-0.3798825
-0.22261989
0.2686053
0.35782152
0.40676382
0.55172247
0.602891
-0.6662961
-1.2157278
-0.26658154
0.10216281
-0.8491765
-0.89951265
-1.2317996
-2.1256797
-2.3085482
-1.1257464
-1.1820904
-1.1417223
-0.75665176
-0.622561
-0.16282862
0.2272327
-0.37536037
-0.5097846
-1.1052809
-0.61095214
-1.0389571
-0.15137327
-0.10160875
-0.6378583
0.06251204
-1.132161
-0.28561068
0.3095727
-0.8347554
-0.74839306
-0.53786886
-0.3894658
-0.70749927
-1.9544659
-0.97948146
-0.71084
-0.6772909
-0.867975
-0.45348263
-1.416672
-1.8766828
-2.5683017
-0.5951164
-0.14878082
0.39994788
0.86813426
0.34064192
-1.0637475
-2.287826
-2.6138053
-2.891395
-1.5023637
-1.4710107
-1.217289
-1.3750966
-0.84876215
-1.6923645
-0.93548393
-1.9207819
-1.553941
-0.4254198
0.18088356
-0.03065896
-0.2956105
0.18148628
-0.7546251
-0.40579754
-0.1852848
-0.563156
-0.88401425
-1.1744064
-2.4989626
-2.1802597
-2.1801085
-2.1791973
-1.7141943
-0.78782547
-0.7636434
-0.41770095
-0.7391335
-0.49336147
0.07111326
0.38095596
-0.87172973
-1.3042312
-1.8239088
-2.0294569
-0.9032798
-1.1482348
-1.7783101
-1.4778467
-1.9845452
-2.194696
-1.985148
-1.5106719
-1.0096747
-1.4705352
-2.1615717
-1.8785965
-0.98995006
-0.82441235
-0.48375732
-0.75363255
-1.6055658
-0.25423968
-0.20376122
-0.022871912
0.051490337
-0.19522393
0.27461988
0.71141446
-0.047205925
0.5174061
1.0787002
0.7366896
1.1878202
1.3809724
1.4039265
0.8830882
0.9856137
-0.16310126
0.47398457
-0.29384577
0.45077187
-0.0257743
0.3153361
0.5474719
0.94261956
0.6975461
0.32240242
0.077768326
-0.8442372
-0.229007
0.66018355
0.1246002
0.47440684
-0.026005685
0.5578176
0.77498436
0.7859758
0.66613233
0.7809167
0.66763175
0.899299
0.5637259
0.8536944
0.76624334
0.7798599
-0.33232456
-1.2513138
-1.6221771
-0.5266961
-0.97169673
-0.37372875
0.27714998
0.42838618
0.5964555
0.7011627
0.5494849
1.2239556
1.0536888
0.43920296
1.2908835
0.76782036
0.8446177
0.96289855
1.2919471
1.0536991
0.68778765
0.9884541
-0.1813826
0.445658
0.7877379
0.77215993
0.71908146
0.78331757
0.5836555
0.6162914
0.5014174
0.6263309
0.44511172
0.97781503
1.2299525
0.09135613
0.6446128
-1.4281827
-0.021291256
0.51097876
0.9743041
0.770658
1.149838
0.98067796
0.23266196
0.69757694
1.3071706
1.4132588
1.038434
-0.021413624
-0.6874275
-2.0239973
-2.2690403
-0.16738969
0.8917359
0.757056
-0.95508194
-2.2748072
-1.799319
-0.7939805
-0.6084801
-0.7343371
-0.30049157
-0.6692718
-0.077415705
0.40114173
0.13663146
0.47391105
0.47578555
0.5160892
0.84069216
0.565446
0.7866181
1.0049533
1.1040286
1.054604
1.2829685
1.3618431
1.4103155
-0.15904343
-0.13631457
0.036676913
-1.439346
-2.0111322
-2.6212475
-2.7869272
-0.95113504
0.11254963
0.6514154
0.839604
1.02931
0.94210374
0.92400604
0.9676918
0.7731365
0.9118341
0.86292285
0.18937218
-0.2952267
-1.454852
-1.8728044
-2.1260023
-1.7907052
-1.1606677
-0.8369256
-0.6890217
-1.9437647
-1.0893009
-0.14793903
0.026085317
0.89228195
0.51536936
0.2951938
0.22181883
0.054046035
0.034703046
0.14239833
0.4987468
0.6095391
0.4917911
0.08270356
-0.56418884
0.52408427
1.0797772
1.202792
1.35602
1.4635733
1.4384885
1.5374156
1.4984636
1.6976867
1.6836275
1.6467092
1.7450972
1.8374132
1.6755617
1.778106
1.7668203
1.896665
1.7858313
1.7527342
1.8146858
1.9255081
1.4854403
1.8158878
1.8474362
1.5182626
1.6025414
1.509231
1.700702
1.7636039
1.7728102
1.6271908
1.8639668
1.539465
0.98110414
-0.34533858
-1.9049191
-2.2331252
-1.9514174
-2.53916
0.34754443
0.79269814
0.7347729
0.4129033
0.6040245
0.6719549
0.8362408
0.8343159
0.16075864
0.28235835
-0.114865005
0.2091772
0.5420307
-0.3126124
-0.6537305
-0.012119889
0.6349057
0.8843584
0.5062521
0.6300604
0.576911
1.0376029
1.1502382
1.3689985
1.5661871
0.63079774
1.2395833
1.5482248
1.5249763
1.2575448
0.9895435
0.90999377
1.1052212
1.014391
1.1711154
1.299129
1.3580731
1.2961872
1.407337
1.3774371
0.61442536
0.88332987
1.1996338
-1.6821296
-1.2860534
-1.3084104
-0.05655366
-1.0113435
0.30297065
0.46128282
0.29171586
0.92779243
0.87459475
1.2301743
1.5105234
1.5228318
0.9839952
0.7945676
0.5711979
-1.1491057
-1.5568867
-2.0852382
-1.8189299
0.3113942
-1.9335034
-2.1321027
-0.6894584
-0.5437802
-1.4695401
-2.4430673
-1.8752258
-1.1208088
-0.5424334
0.2027218
0.16757172
-0.20693338
-0.6062764
-0.6525942
0.02268225
0.46002534
0.8271811
1.0147468
0.9812976
1.1486986
0.97611487
1.1745708
0.32871723
0.6426629
-0.17622954
0.5106539
0.58202815
0.38001573
0.73534364
0.96580625
0.96861196
0.4017146
1.2182016
0.9151922
0.8533126
0.34150624
0.38512397
0.42546618
0.3673396
0.42798924
-1.3276079
-0.887444
-2.2366421
-2.364269
-1.1858822
-0.78044856
-0.5209569
-2.2767591
-0.6213083
-1.2106657
-2.1398194
-0.3043477
-0.11502832
-0.31971753
-0.34833604
-0.9335139
-0.88938224
0.0806649
-0.92283225
-1.4554255
-2.0166802
-1.4068016
-1.7806153
-0.42218846
-2.4019186
-0.6864743
-1.880233
-1.5931678
0.03490317
1.0768015
1.1832794
1.393522
1.1713912
0.86134064
-0.2649169
-1.2687812
-0.4308144
0.46885604
0.9136833
0.8440907
-1.5505762
-0.13248944
0.5343332
0.5659268
1.0613182
1.1260896
1.1233801
1.2497271
0.98262215
1.1579216
0.94561565
0.8273418
0.90398085
0.76916337
-0.5140629
-0.28074318
0.4809677
0.9653472
0.26009148
-0.5145929
-2.7172375
-0.7180276
-0.007796705
-0.83704066
0.91462255
1.0541774
0.8018949
-0.029051363
0.00880903
-0.10223186
-0.7657368
0.2959666
0.84822816
0.79569924
0.40875304
0.6393639
0.565468
0.82060647
0.44316784
-0.8164325
-0.3498432
-1.5173695
-2.177464
-2.561806
-0.548715
-2.2224667
-0.3852656
0.4254679
1.0202341
0.81597674
0.48715073
0.52782345
-0.17080498
0.63126546
0.68523145
0.4622399
-1.0645905
-0.33582854
0.21919861
-0.1227867
-2.5062025
-0.50633085
-1.5838194
-0.31413734
0.44692937
1.2945598
1.0903668
0.94935024
-1.5372264
-0.4960016
0.65358657
0.07473302
-1.9823873
-0.072146714
-0.5285435
-1.3024602
0.22938201
0.14111081
-1.800816
-1.5123446
-2.3546505
-2.0865068
-0.6843134
-0.99706066
-0.34240252
-0.33671618
-0.6263602
-0.46397626
-0.28402424
0.06688923
-0.57013404
0.31915987
0.16773349
0.52173567
0.55104554
0.36312404
-0.45929283
0.18375981
-0.34145206
-1.3155186
-0.10154849
-0.37101275
-0.383179
-0.016848683
-0.8298893
-0.31917852
0.1767497
0.8227219
0.91503346
0.9946729
0.8226793
0.9781141
0.21257839
0.14419115
0.105807334
-0.3960687
-0.110649645
0.35642692
0.54822546
0.14327472
-0.44263238
-0.13759208
-1.5058341
-2.6758451
-2.591466
-2.7013776
-2.5238824
